time	V(n003)	V(n004)
0.000000000000000e+00	6.540659e-02	2.752617e-16
1.054391036725555e-05	-2.920897e-02	6.620089e-04
3.163173110176665e-05	-2.220130e-01	1.974422e-03
7.163173110180665e-05	-5.881013e-01	4.350334e-03
1.116317311018467e-04	-9.297916e-01	6.452900e-03
1.516317311018867e-04	-1.216024e+00	8.150007e-03
1.916317311019267e-04	-1.417968e+00	9.335018e-03
2.316317311019667e-04	-1.513940e+00	9.933475e-03
2.581472510646554e-04	-1.514095e+00	9.986901e-03
2.782640844340989e-04	-1.479517e+00	9.842725e-03
3.109297340794237e-04	-1.362594e+00	9.276101e-03
3.509297340794637e-04	-1.129940e+00	8.055695e-03
3.909297340795037e-04	-8.228887e-01	6.329121e-03
4.309297340795437e-04	-4.710902e-01	4.204863e-03
4.709297340795837e-04	-1.049956e-01	1.816399e-03
5.109297340796237e-04	2.487619e-01	-6.861958e-04
5.509297340796637e-04	5.685086e-01	-3.145675e-03
5.909297340797037e-04	8.396543e-01	-5.407499e-03
6.309297340797437e-04	1.053281e+00	-7.329551e-03
6.709297340797837e-04	1.204809e+00	-8.791059e-03
7.109297340798237e-04	1.292349e+00	-9.700194e-03
7.502324852811659e-04	1.315444e+00	-9.999990e-03
7.653785600394425e-04	1.307111e+00	-9.953353e-03
7.900261651999640e-04	1.274641e+00	-9.685422e-03
8.299110771649021e-04	1.170530e+00	-8.765757e-03
8.699110771649421e-04	1.002143e+00	-7.293510e-03
9.099110771649821e-04	7.719606e-01	-5.362985e-03
9.499110771650221e-04	4.857268e-01	-3.095483e-03
9.899110771650621e-04	1.538565e-01	-6.334812e-04
1.029911077165102e-03	-2.069794e-01	1.868325e-03
1.069911077165142e-03	-5.734703e-01	4.252737e-03
1.109911077165182e-03	-9.169009e-01	6.369934e-03
1.149911077165222e-03	-1.206177e+00	8.086884e-03
1.189911077165262e-03	-1.412279e+00	9.295707e-03
1.229911077165302e-03	-1.513121e+00	9.920445e-03
1.257499829861120e-03	-1.515625e+00	9.988899e-03
1.277210368149317e-03	-1.482991e+00	9.854206e-03
1.309223978568919e-03	-1.371358e+00	9.315603e-03
1.349223978568959e-03	-1.142447e+00	8.118734e-03
1.389223978568999e-03	-8.379360e-01	6.411733e-03
1.429223978569039e-03	-4.873662e-01	4.301860e-03
1.469223978569079e-03	-1.212541e-01	1.921686e-03
1.509223978569119e-03	2.335816e-01	-5.792353e-04
1.549223978569159e-03	5.551654e-01	-3.043761e-03
1.589223978569199e-03	8.286442e-01	-5.317036e-03
1.629223978569239e-03	1.044875e+00	-7.256222e-03
1.669223978569279e-03	1.199128e+00	-8.739473e-03
1.709223978569319e-03	1.289428e+00	-9.673591e-03
1.749223978569359e-03	1.315166e+00	-9.999881e-03
1.764711565282462e-03	1.307156e+00	-9.957309e-03
1.788941956680890e-03	1.276085e+00	-9.702150e-03
1.828166497928718e-03	1.175900e+00	-8.817983e-03
1.868166497928758e-03	1.010268e+00	-7.368062e-03
1.908166497928798e-03	7.826670e-01	-5.455179e-03
1.948166497928838e-03	4.986696e-01	-3.199526e-03
1.988166497928878e-03	1.684524e-01	-7.428360e-04
2.028166497928918e-03	-1.915985e-01	1.760529e-03
2.068166497928958e-03	-5.584499e-01	4.153274e-03
2.108166497928998e-03	-9.035650e-01	6.285054e-03
2.148166497929038e-03	-1.195868e+00	8.021920e-03
2.188166497929078e-03	-1.406140e+00	9.254740e-03
2.228166497929118e-03	-1.511900e+00	9.906051e-03
2.256841903608309e-03	-1.516975e+00	9.990761e-03
2.276139474457928e-03	-1.486273e+00	9.865430e-03
2.307489652338512e-03	-1.379916e+00	9.354671e-03
2.347489652338552e-03	-1.154867e+00	8.181871e-03
2.387489652338592e-03	-8.530021e-01	6.494975e-03
2.427489652338632e-03	-5.037503e-01	4.399976e-03
2.467489652338672e-03	-1.376801e-01	2.028510e-03
2.507489652338712e-03	2.182011e-01	-4.704151e-04
2.547489652338752e-03	5.416183e-01	-2.939782e-03
2.587489652338792e-03	8.174443e-01	-5.224431e-03
2.627489652338832e-03	1.036310e+00	-7.180810e-03
2.667489652338872e-03	1.193325e+00	-8.685993e-03
2.707489652338912e-03	1.286431e+00	-9.645402e-03
2.747489652338952e-03	1.314978e+00	-9.998756e-03
2.764066884891947e-03	1.307253e+00	-9.960966e-03
2.787893866301849e-03	1.277503e+00	-9.717892e-03
2.826478966740820e-03	1.181048e+00	-8.867494e-03
2.866478966740860e-03	1.018087e+00	-7.439334e-03
2.906478966740900e-03	7.929969e-01	-5.543735e-03
2.946478966740940e-03	5.111842e-01	-3.299802e-03
2.986478966740980e-03	1.826022e-01	-8.485300e-04
3.026478966741020e-03	-1.766440e-01	1.656058e-03
3.066478966741060e-03	-5.437857e-01	4.056590e-03
3.106478966741100e-03	-8.904709e-01	6.202231e-03
3.146478966741140e-03	-1.185644e+00	7.958164e-03
3.186478966741180e-03	-1.399909e+00	9.214055e-03
3.226478966741220e-03	-1.510403e+00	9.890994e-03
3.256203929581591e-03	-1.518149e+00	9.992404e-03
3.275100986412816e-03	-1.489276e+00	9.875889e-03
3.305807100203118e-03	-1.387936e+00	9.391509e-03
3.345807100203158e-03	-1.166681e+00	8.242195e-03
3.385807100203198e-03	-8.674451e-01	6.574994e-03
3.425807100203238e-03	-5.195320e-01	4.494662e-03
3.465807100203278e-03	-1.535596e-01	2.131914e-03
3.505807100203318e-03	2.032927e-01	-3.647899e-04
3.545807100203358e-03	5.284550e-01	-2.838573e-03
3.585807100203398e-03	8.065387e-01	-5.133998e-03
3.625807100203438e-03	1.027947e+00	-7.106835e-03
3.665807100203478e-03	1.187638e+00	-8.633124e-03
3.705807100203518e-03	1.283462e+00	-9.616962e-03
3.745807100203558e-03	1.314735e+00	-9.996530e-03
3.763441272112034e-03	1.307389e+00	-9.964359e-03
3.786876636596492e-03	1.278894e+00	-9.732768e-03
3.824840146013364e-03	1.185998e+00	-8.914621e-03
3.864840146013404e-03	1.025635e+00	-7.507749e-03
3.904840146013444e-03	8.029954e-01	-5.629138e-03
3.944840146013484e-03	5.233264e-01	-3.396828e-03
3.984840146013524e-03	1.963627e-01	-9.510820e-04
4.024840146013564e-03	-1.620573e-01	1.554424e-03
4.064840146013604e-03	-5.294295e-01	3.962259e-03
4.104840146013644e-03	-8.775811e-01	6.121131e-03
4.144840146013684e-03	-1.175490e+00	7.895391e-03
4.184840146013724e-03	-1.393590e+00	9.173553e-03
4.224840146013764e-03	-1.508663e+00	9.875307e-03
4.255582787258794e-03	-1.519171e+00	9.993848e-03
4.274089836638573e-03	-1.492038e+00	9.885668e-03
4.304168198615343e-03	-1.395486e+00	9.426382e-03
4.344168198615384e-03	-1.177975e+00	8.300069e-03
4.384168198615424e-03	-8.813530e-01	6.652232e-03
4.424168198615464e-03	-5.348032e-01	4.586410e-03
4.464168198615504e-03	-1.689773e-01	2.232407e-03
4.504168198615544e-03	1.887772e-01	-2.618657e-04
4.544168198615584e-03	5.156101e-01	-2.739685e-03
4.584168198615624e-03	7.958720e-01	-5.045359e-03
4.624168198615664e-03	1.019748e+00	-7.034015e-03
4.664168198615704e-03	1.182039e+00	-8.580699e-03
4.704168198615744e-03	1.280509e+00	-9.588225e-03
4.744168198615784e-03	1.314435e+00	-9.993288e-03
4.762831607580731e-03	1.307556e+00	-9.967517e-03
4.785885212871266e-03	1.280258e+00	-9.746884e-03
4.823241997454542e-03	1.190773e+00	-8.959668e-03
4.863241997454582e-03	1.032948e+00	-7.573699e-03
4.903241997454622e-03	8.127091e-01	-5.711847e-03
4.943241997454662e-03	5.351480e-01	-3.491099e-03
4.983241997454702e-03	2.097932e-01	-1.050992e-03
5.023241997454742e-03	-1.477822e-01	1.455153e-03
5.063241997454782e-03	-5.153284e-01	3.869865e-03
5.103241997454822e-03	-8.648577e-01	6.041419e-03
5.143241997454862e-03	-1.165382e+00	7.833369e-03
5.183241997454902e-03	-1.387185e+00	9.133119e-03
5.223241997454942e-03	-1.506701e+00	9.859001e-03
5.254975453742428e-03	-1.520065e+00	9.995114e-03
5.273101114354639e-03	-1.494592e+00	9.894844e-03
5.302565059471687e-03	-1.402629e+00	9.459529e-03
5.342565059471727e-03	-1.188821e+00	8.355829e-03
5.382565059471767e-03	-8.948108e-01	6.727101e-03
5.422565059471807e-03	-5.496478e-01	4.675685e-03
5.462565059471847e-03	-1.840167e-01	2.330479e-03
5.502565059471887e-03	1.745813e-01	-1.611605e-04
5.542565059471927e-03	5.030177e-01	-2.642673e-03
5.582565059471967e-03	7.853928e-01	-4.958137e-03
5.622565059472007e-03	1.011670e+00	-6.962063e-03
5.662565059472047e-03	1.176501e+00	-8.528537e-03
5.702565059472087e-03	1.277557e+00	-9.559131e-03
5.742565059472127e-03	1.314079e+00	-9.989090e-03
5.762234871458549e-03	1.307746e+00	-9.970467e-03
5.784914698572563e-03	1.281597e+00	-9.760335e-03
5.821676713890445e-03	1.195394e+00	-9.002913e-03
5.861676713890485e-03	1.040059e+00	-7.637553e-03
5.901676713890525e-03	8.221806e-01	-5.792297e-03
5.941676713890565e-03	5.467029e-01	-3.583090e-03
5.981676713890605e-03	2.229495e-01	-1.148744e-03
6.021676713890645e-03	-1.337594e-01	1.357781e-03
6.061676713890685e-03	-5.014307e-01	3.778992e-03
6.101676713890725e-03	-8.522569e-01	5.962756e-03
6.141676713890765e-03	-1.155296e+00	7.771857e-03
6.181676713890805e-03	-1.380686e+00	9.092624e-03
6.221676713890845e-03	-1.504534e+00	9.842068e-03
6.254378974801300e-03	-1.520847e+00	9.996215e-03
6.272130018686761e-03	-1.496969e+00	9.903485e-03
6.300989957062408e-03	-1.409420e+00	9.491161e-03
6.340989957062448e-03	-1.199292e+00	8.409787e-03
6.380989957062488e-03	-9.078952e-01	6.799996e-03
6.420989957062528e-03	-5.641486e-01	4.762937e-03
6.460989957062568e-03	-1.987556e-01	2.426605e-03
6.500989957062608e-03	1.606309e-01	-6.220044e-05
6.540989957062648e-03	4.906159e-01	-2.547097e-03
6.580989957062688e-03	7.750477e-01	-4.871950e-03
6.620989957062728e-03	1.003676e+00	-6.890681e-03
6.660989957062768e-03	1.170995e+00	-8.476445e-03
6.700989957062808e-03	1.274591e+00	-9.529602e-03
6.740989957062848e-03	1.313663e+00	-9.983980e-03
6.761648110576779e-03	1.307956e+00	-9.973230e-03
6.783960302415459e-03	1.282911e+00	-9.773210e-03
6.820136637015417e-03	1.199883e+00	-9.044612e-03
6.860136637015457e-03	1.047000e+00	-7.699657e-03
6.900136637015497e-03	8.314543e-01	-5.870905e-03
6.940136637015537e-03	5.580412e-01	-3.673262e-03
6.980136637015577e-03	2.358904e-01	-1.244814e-03
7.020136637015617e-03	-1.199317e-01	1.261849e-03
7.060136637015657e-03	-4.876800e-01	3.689226e-03
7.100136637015697e-03	-8.397346e-01	5.884796e-03
7.140136637015737e-03	-1.145199e+00	7.710602e-03
7.180136637015777e-03	-1.374083e+00	9.051923e-03
7.220136637015817e-03	-1.502172e+00	9.824477e-03
7.253790430677642e-03	-1.521535e+00	9.997164e-03
7.271171803377441e-03	-1.499191e+00	9.911651e-03
7.299435240529006e-03	-1.415908e+00	9.521470e-03
7.339435240529046e-03	-1.209450e+00	8.462240e-03
7.379435240529086e-03	-9.206820e-01	6.871295e-03
7.419435240529126e-03	-5.783824e-01	4.848602e-03
7.459435240529166e-03	-2.130775e-01	2.521253e-03
7.499435240529206e-03	1.468546e-01	3.548481e-05
7.539435240529246e-03	4.783391e-01	-2.452513e-03
7.579435240529286e-03	7.647848e-01	-4.786411e-03
7.619435240529326e-03	9.957223e-01	-6.819561e-03
7.659435240529366e-03	1.165494e+00	-8.424212e-03
7.699435240529406e-03	1.271594e+00	-9.499540e-03
7.739435240529446e-03	1.313183e+00	-9.977977e-03
7.761068400834681e-03	1.308180e+00	-9.975827e-03
7.783017277670390e-03	1.284204e+00	-9.785585e-03
7.818614161783422e-03	1.204258e+00	-9.085001e-03
7.858614161783462e-03	1.053803e+00	-7.760343e-03
7.898614161783502e-03	8.405701e-01	-5.948074e-03
7.938614161783542e-03	5.692145e-01	-3.762065e-03
7.978614161783582e-03	2.486706e-01	-1.339672e-03
8.018614161783622e-03	-1.062392e-01	1.166898e-03
8.058614161783662e-03	-4.740225e-01	3.600147e-03
8.098614161783702e-03	-8.272424e-01	5.807186e-03
8.138614161783742e-03	-1.135061e+00	7.649337e-03
8.178614161783782e-03	-1.367360e+00	9.010853e-03
8.218614161783822e-03	-1.499622e+00	9.806184e-03
8.253206896568055e-03	-1.522143e+00	9.997970e-03
8.270221712764370e-03	-1.501283e+00	9.919391e-03
8.297893231681952e-03	-1.422139e+00	9.550636e-03
8.337893231681992e-03	-1.219358e+00	8.513466e-03
8.377893231682032e-03	-9.332424e-01	6.941364e-03
8.417893231682072e-03	-5.924287e-01	4.933110e-03
8.457893231682112e-03	-2.274411e-01	2.614891e-03
8.497893231682152e-03	1.331808e-01	1.323683e-04
8.537893231682192e-03	4.661271e-01	-2.358471e-03
8.577893231682232e-03	7.545514e-01	-4.701119e-03
8.617893231682272e-03	9.877707e-01	-6.748379e-03
8.657893231682312e-03	1.159969e+00	-8.371613e-03
8.697893231682352e-03	1.268552e+00	-9.468828e-03
8.737893231682392e-03	1.312635e+00	-9.971081e-03
8.760492804453901e-03	1.308418e+00	-9.978275e-03
8.782080852982821e-03	1.285479e+00	-9.797535e-03
8.817101626490409e-03	1.208541e+00	-9.124305e-03
8.857101626490449e-03	1.060499e+00	-7.819930e-03
8.897101626490489e-03	8.495733e-01	-6.024200e-03
8.937101626490529e-03	5.802745e-01	-3.849948e-03
8.977101626490569e-03	2.613518e-01	-1.433789e-03
9.017101626490609e-03	-9.262014e-02	1.072460e-03
9.057101626490649e-03	-4.603949e-01	3.511323e-03
9.097101626490689e-03	-8.147277e-01	5.729556e-03
9.137101626490729e-03	-1.124838e+00	7.587780e-03
9.177101626490769e-03	-1.360496e+00	8.969236e-03
9.217101626490809e-03	-1.496880e+00	9.787122e-03
9.252625397058623e-03	-1.522679e+00	9.998639e-03
9.269274907869662e-03	-1.503261e+00	9.926754e-03
9.296356106350268e-03	-1.428153e+00	9.578817e-03
9.336356106350308e-03	-1.229071e+00	8.563735e-03
9.376356106350348e-03	-9.456460e-01	7.010561e-03
9.416356106350388e-03	-6.063603e-01	5.016889e-03
9.456356106350428e-03	-2.417355e-01	2.707987e-03
9.496356106350468e-03	1.195388e-01	2.289326e-04
9.536356106350508e-03	4.539138e-01	-2.264507e-03
9.576356106350548e-03	7.442943e-01	-4.615659e-03
9.616356106350588e-03	9.797770e-01	-6.676792e-03
9.656356106350628e-03	1.154392e+00	-8.318398e-03
9.696356106350668e-03	1.265446e+00	-9.437328e-03
9.736356106350708e-03	1.312017e+00	-9.963277e-03
9.759918321080252e-03	1.308664e+00	-9.980588e-03
9.781146153098774e-03	1.286739e+00	-9.809123e-03
9.815591185959538e-03	1.212749e+00	-9.162731e-03
9.855591185959578e-03	1.067122e+00	-7.878729e-03
9.895591185959618e-03	8.585052e-01	-6.099678e-03
9.935591185959658e-03	5.912758e-01	-3.937361e-03
9.975591185959698e-03	2.739928e-01	-1.527646e-03
1.000000000000001e-02	6.160048e-02	-6.428333e-15
