time	V(n003)	V(n004)
0.000000000000000e+00	6.575875e-02	2.752617e-16
1.078189922554262e-05	-2.915490e-02	6.769287e-04
3.234569767662787e-05	-2.226495e-01	2.018378e-03
7.234569767666787e-05	-5.818323e-01	4.390683e-03
1.123456976767079e-04	-9.167595e-01	6.487105e-03
1.523456976767479e-04	-1.196886e+00	8.175919e-03
1.923456976767879e-04	-1.393892e+00	9.351009e-03
2.323456976768279e-04	-1.486549e+00	9.938541e-03
2.584154891311918e-04	-1.486026e+00	9.986023e-03
2.787006333226927e-04	-1.451408e+00	9.837843e-03
3.116361940254109e-04	-1.334569e+00	9.259429e-03
3.516361940254509e-04	-1.104704e+00	8.029317e-03
3.916361940254909e-04	-8.022416e-01	6.294692e-03
4.316361940255309e-04	-4.564011e-01	4.164549e-03
4.716361940255709e-04	-9.709934e-02	1.772732e-03
5.116361940256109e-04	2.495845e-01	-7.304724e-04
5.516361940256509e-04	5.625114e-01	-3.187778e-03
5.916361940256909e-04	8.275093e-01	-5.444785e-03
6.316361940257309e-04	1.035963e+00	-7.359675e-03
6.716361940257709e-04	1.183483e+00	-8.812129e-03
7.116361940258109e-04	1.268285e+00	-9.710886e-03
7.505081331929953e-04	1.290047e+00	-9.999949e-03
7.658274021518086e-04	1.281658e+00	-9.950593e-03
7.907556688742101e-04	1.249019e+00	-9.673915e-03
8.307556688742501e-04	1.145676e+00	-8.740094e-03
8.707556688742901e-04	9.795616e-01	-7.257102e-03
9.107556688743301e-04	7.529202e-01	-5.318119e-03
9.507556688743701e-04	4.714030e-01	-3.044979e-03
9.907556688744101e-04	1.452673e-01	-5.805119e-04
1.030755668874450e-03	-2.090622e-01	1.920431e-03
1.070755668874490e-03	-5.686245e-01	4.300706e-03
1.110755668874530e-03	-9.051495e-01	6.410752e-03
1.150755668874570e-03	-1.188055e+00	8.117987e-03
1.190755668874610e-03	-1.388851e+00	9.315139e-03
1.230755668874650e-03	-1.485938e+00	9.926986e-03
1.257817795917049e-03	-1.487479e+00	9.987938e-03
1.277727886861757e-03	-1.454640e+00	9.848622e-03
1.310061832625831e-03	-1.342637e+00	9.296334e-03
1.350061832625871e-03	-1.116145e+00	8.087886e-03
1.390061832625911e-03	-8.159594e-01	6.371246e-03
1.430061832625951e-03	-4.712039e-01	4.254277e-03
1.470061832625991e-03	-1.118595e-01	1.869997e-03
1.510061832626031e-03	2.358234e-01	-6.317825e-04
1.550061832626071e-03	5.504304e-01	-3.093865e-03
1.590061832626111e-03	8.175511e-01	-5.361548e-03
1.630061832626151e-03	1.028367e+00	-7.292345e-03
1.670061832626191e-03	1.178355e+00	-8.764938e-03
1.710061832626231e-03	1.265654e+00	-9.686797e-03
1.749893189444518e-03	1.289729e+00	-9.999998e-03
1.764960300490781e-03	1.281870e+00	-9.955854e-03
1.789346298294858e-03	1.251033e+00	-9.695964e-03
1.828817249392656e-03	1.151636e+00	-8.798625e-03
1.868817249392696e-03	9.885211e-01	-7.340356e-03
1.908817249392736e-03	7.646895e-01	-5.420865e-03
1.948817249392776e-03	4.856089e-01	-3.160761e-03
1.988817249392816e-03	1.612728e-01	-7.020549e-04
2.028817249392856e-03	-1.922068e-01	1.800764e-03
2.068817249392896e-03	-5.521717e-01	4.190434e-03
2.108817249392936e-03	-8.905477e-01	6.316804e-03
2.148817249392976e-03	-1.176771e+00	8.046266e-03
2.188817249393016e-03	-1.382133e+00	9.270151e-03
2.228817249393056e-03	-1.484596e+00	9.911560e-03
2.257087504090372e-03	-1.488867e+00	9.990086e-03
2.276539242526576e-03	-1.458155e+00	9.861292e-03
2.308137170111690e-03	-1.351953e+00	9.340215e-03
2.348137170111730e-03	-1.129654e+00	8.158412e-03
2.388137170111770e-03	-8.323311e-01	6.463986e-03
2.428137170111810e-03	-4.889872e-01	4.363405e-03
2.468137170111850e-03	-1.296657e-01	1.988654e-03
2.508137170111890e-03	2.191737e-01	-5.110507e-04
2.548137170111930e-03	5.357884e-01	-2.978644e-03
2.588137170111970e-03	8.054697e-01	-5.259079e-03
2.628137170112010e-03	1.019154e+00	-7.209066e-03
2.668137170112050e-03	1.172146e+00	-8.706081e-03
2.708137170112090e-03	1.262494e+00	-9.656060e-03
2.748137170112130e-03	1.289596e+00	-9.999315e-03
2.764307593925985e-03	1.281980e+00	-9.959619e-03
2.788285216772102e-03	1.252461e+00	-9.712064e-03
2.827109201596900e-03	1.156785e+00	-8.849120e-03
2.867109201596940e-03	9.963182e-01	-7.412814e-03
2.907109201596980e-03	7.749780e-01	-5.510734e-03
2.947109201597020e-03	4.980639e-01	-3.262395e-03
2.987109201597060e-03	1.753478e-01	-8.090675e-04
3.027109201597100e-03	-1.773383e-01	1.695097e-03
3.067109201597140e-03	-5.376002e-01	4.092752e-03
3.107109201597180e-03	-8.775474e-01	6.233245e-03
3.147109201597220e-03	-1.166636e+00	7.982080e-03
3.187109201597260e-03	-1.375979e+00	9.229370e-03
3.227109201597300e-03	-1.483158e+00	9.896747e-03
3.256442378298696e-03	-1.490027e+00	9.991809e-03
3.275489138636956e-03	-1.461146e+00	9.872029e-03
3.306436061850770e-03	-1.359964e+00	9.377860e-03
3.346436061850810e-03	-1.141419e+00	8.219752e-03
3.386436061850850e-03	-8.466863e-01	6.545167e-03
3.426436061850890e-03	-5.046494e-01	4.459325e-03
3.466436061850930e-03	-1.454038e-01	2.093287e-03
3.506436061850970e-03	2.044166e-01	-4.042795e-04
3.546436061851010e-03	5.227748e-01	-2.876444e-03
3.586436061851050e-03	7.947025e-01	-5.167871e-03
3.626436061851090e-03	1.010911e+00	-7.134581e-03
3.666436061851130e-03	1.166556e+00	-8.653000e-03
3.706436061851170e-03	1.259596e+00	-9.627719e-03
3.746436061851210e-03	1.289398e+00	-9.997493e-03
3.763675163091840e-03	1.282123e+00	-9.963108e-03
3.787256952675455e-03	1.253855e+00	-9.727253e-03
3.825452970181220e-03	1.161724e+00	-8.897108e-03
3.865452970181260e-03	1.003831e+00	-7.482259e-03
3.905452970181300e-03	7.849171e-01	-5.597271e-03
3.945452970181340e-03	5.101258e-01	-3.360587e-03
3.985452970181380e-03	1.890108e-01	-9.127447e-04
4.025452970181420e-03	-1.628613e-01	1.592449e-03
4.065452970181460e-03	-5.233598e-01	3.997583e-03
4.105452970181500e-03	-8.647723e-01	6.151534e-03
4.145452970181540e-03	-1.156587e+00	7.918962e-03
4.185452970181580e-03	-1.369748e+00	9.188812e-03
4.225452970181620e-03	-1.481480e+00	9.881295e-03
4.255815248164097e-03	-1.491038e+00	9.993326e-03
4.274468263395725e-03	-1.463897e+00	9.882054e-03
4.304781636568444e-03	-1.367499e+00	9.413446e-03
4.344781636568484e-03	-1.152653e+00	8.278510e-03
4.384781636568524e-03	-8.604928e-01	6.623404e-03
4.424781636568564e-03	-5.197860e-01	4.552125e-03
4.464781636568604e-03	-1.606652e-01	2.194820e-03
4.504781636568644e-03	1.900662e-01	-3.003939e-04
4.544781636568684e-03	5.100913e-01	-2.776733e-03
4.584781636568724e-03	7.841831e-01	-5.078600e-03
4.624781636568764e-03	1.002838e+00	-7.061359e-03
4.664781636568804e-03	1.161056e+00	-8.600428e-03
4.704781636568844e-03	1.256714e+00	-9.599100e-03
4.744781636568884e-03	1.289139e+00	-9.994625e-03
4.763059843566619e-03	1.282294e+00	-9.966352e-03
4.786256379603726e-03	1.255217e+00	-9.741643e-03
4.823840411171787e-03	1.166479e+00	-8.942906e-03
4.863840411171827e-03	1.011094e+00	-7.549094e-03
4.903840411171867e-03	7.945545e-01	-5.680944e-03
4.943840411171907e-03	5.218472e-01	-3.455841e-03
4.983840411171947e-03	2.023215e-01	-1.013593e-03
5.023840411171987e-03	-1.487193e-01	1.492342e-03
5.063840411172027e-03	-5.093972e-01	3.904507e-03
5.103840411172067e-03	-8.521839e-01	6.071338e-03
5.143840411172107e-03	-1.146602e+00	7.856685e-03
5.183840411172147e-03	-1.363442e+00	9.148367e-03
5.223840411172187e-03	-1.479586e+00	9.865223e-03
5.255203057081492e-03	-1.491924e+00	9.994657e-03
5.273471651970008e-03	-1.466441e+00	9.891450e-03
5.303165925139242e-03	-1.374620e+00	9.447218e-03
5.343165925139282e-03	-1.163427e+00	8.335029e-03
5.383165925139322e-03	-8.738343e-01	6.699119e-03
5.423165925139362e-03	-5.344796e-01	4.642279e-03
5.463165925139402e-03	-1.755317e-01	2.293748e-03
5.503165925139442e-03	1.760508e-01	-1.989078e-04
5.543165925139482e-03	4.976737e-01	-2.679066e-03
5.583165925139522e-03	7.738620e-01	-4.990888e-03
5.623165925139562e-03	9.948937e-01	-6.989114e-03
5.663165925139602e-03	1.155621e+00	-8.548189e-03
5.703165925139642e-03	1.253833e+00	-9.570150e-03
5.743165925139682e-03	1.288821e+00	-9.990782e-03
5.762458581581198e-03	1.282485e+00	-9.969377e-03
5.785278547151718e-03	1.256550e+00	-9.755335e-03
5.822263639171821e-03	1.171069e+00	-8.986799e-03
5.862263639171861e-03	1.018143e+00	-7.613696e-03
5.902263639171901e-03	8.039334e-01	-5.762197e-03
5.942263639171941e-03	5.332825e-01	-3.548637e-03
5.982263639171981e-03	2.153365e-01	-1.112103e-03
6.022263639172021e-03	-1.348524e-01	1.394308e-03
6.062263639172061e-03	-4.956608e-01	3.813110e-03
6.102263639172101e-03	-8.397390e-01	5.992319e-03
6.142263639172141e-03	-1.136654e+00	7.795010e-03
6.182263639172181e-03	-1.357054e+00	9.107911e-03
6.222263639172221e-03	-1.477492e+00	9.848529e-03
6.254602828662525e-03	-1.492701e+00	9.995818e-03
6.272494468075318e-03	-1.468806e+00	9.900286e-03
6.301581150125690e-03	-1.381381e+00	9.479397e-03
6.341581150125730e-03	-1.173814e+00	8.389631e-03
6.381581150125770e-03	-8.867865e-01	6.772714e-03
6.421581150125810e-03	-5.488114e-01	4.730242e-03
6.461581150125850e-03	-1.900793e-01	2.390552e-03
6.501581150125890e-03	1.622983e-01	-9.934496e-05
6.541581150125930e-03	4.854620e-01	-2.583000e-03
6.581581150125970e-03	7.636876e-01	-4.904356e-03
6.621581150126010e-03	9.870423e-01	-6.917553e-03
6.661581150126050e-03	1.150226e+00	-8.496094e-03
6.701581150126090e-03	1.250941e+00	-9.540795e-03
6.741581150126130e-03	1.288441e+00	-9.986012e-03
6.761868402982207e-03	1.282695e+00	-9.972208e-03
6.784318631040342e-03	1.257855e+00	-9.768417e-03
6.820714950239726e-03	1.175520e+00	-9.029052e-03
6.860714950239766e-03	1.025010e+00	-7.676421e-03
6.900714950239806e-03	8.130988e-01	-5.841451e-03
6.940714950239846e-03	5.444822e-01	-3.639441e-03
6.980714950239886e-03	2.281144e-01	-1.208752e-03
7.020714950239926e-03	-1.212037e-01	1.297887e-03
7.060714950239966e-03	-4.820945e-01	3.722975e-03
7.100714950240006e-03	-8.273938e-01	5.914135e-03
7.140714950240046e-03	-1.126715e+00	7.733689e-03
7.180714950240086e-03	-1.350575e+00	9.067306e-03
7.220714950240126e-03	-1.475208e+00	9.831191e-03
7.254011634494129e-03	-1.493386e+00	9.996823e-03
7.271531951891341e-03	-1.471016e+00	9.908624e-03
7.300019643631139e-03	-1.387833e+00	9.510184e-03
7.340019643631179e-03	-1.183875e+00	8.442618e-03
7.380019643631219e-03	-8.994241e-01	6.844571e-03
7.420019643631259e-03	-5.628569e-01	4.816455e-03
7.460019643631299e-03	-2.041946e-01	2.485703e-03
7.500019643631339e-03	1.487391e-01	-1.234246e-06
7.540019643631379e-03	4.733925e-01	-2.488094e-03
7.580019643631419e-03	7.536098e-01	-4.818618e-03
7.620019643631459e-03	9.792424e-01	-6.846371e-03
7.660019643631499e-03	1.144842e+00	-8.443940e-03
7.700019643631539e-03	1.248022e+00	-9.510946e-03
7.740019643631579e-03	1.287999e+00	-9.980345e-03
7.761286377434007e-03	1.282917e+00	-9.974866e-03
7.783371875380585e-03	1.259136e+00	-9.780972e-03
7.819186731342409e-03	1.179849e+00	-9.069909e-03
7.859186731342449e-03	1.031727e+00	-7.737604e-03
7.899186731342489e-03	8.220905e-01	-5.919116e-03
7.939186731342529e-03	5.554976e-01	-3.728708e-03
7.979186731342569e-03	2.407096e-01	-1.304012e-03
8.019186731342609e-03	-1.077140e-01	1.202620e-03
8.059186731342649e-03	-4.686453e-01	3.633687e-03
8.099186731342689e-03	-8.151012e-01	5.836436e-03
8.139186731342729e-03	-1.116752e+00	7.672460e-03
8.179186731342769e-03	-1.343989e+00	9.026395e-03
8.219186731342809e-03	-1.472744e+00	9.813169e-03
8.253426556678156e-03	-1.493991e+00	9.997683e-03
8.270579359412666e-03	-1.473096e+00	9.916519e-03
8.298473750761315e-03	-1.394021e+00	9.539762e-03
8.338473750761355e-03	-1.193672e+00	8.494275e-03
8.378473750761395e-03	-9.118171e-01	6.915061e-03
8.418473750761435e-03	-5.766936e-01	4.901349e-03
8.458473750761475e-03	-2.183248e-01	2.579667e-03
8.498473750761515e-03	1.353039e-01	9.589560e-05
8.538473750761555e-03	4.614074e-01	-2.393902e-03
8.578473750761595e-03	7.435778e-01	-4.733281e-03
8.618473750761635e-03	9.714577e-01	-6.775252e-03
8.658473750761675e-03	1.139444e+00	-8.391508e-03
8.698473750761715e-03	1.245062e+00	-9.480494e-03
8.738473750761755e-03	1.287489e+00	-9.973787e-03
8.760709577698478e-03	1.283151e+00	-9.977369e-03
8.782433526823619e-03	1.260394e+00	-9.793074e-03
8.817671356050050e-03	1.184078e+00	-9.109597e-03
8.857671356050090e-03	1.038325e+00	-7.797568e-03
8.897671356050130e-03	8.309537e-01	-5.995589e-03
8.937671356050170e-03	5.663801e-01	-3.816885e-03
8.977671356050210e-03	2.531829e-01	-1.398352e-03
9.017671356050250e-03	-9.432276e-02	1.108044e-03
9.057671356050290e-03	-4.552516e-01	3.544818e-03
9.097671356050330e-03	-8.028100e-01	5.758858e-03
9.137671356050370e-03	-1.106725e+00	7.611047e-03
9.177671356050410e-03	-1.337276e+00	8.985007e-03
9.217671356050450e-03	-1.470095e+00	9.794406e-03
9.252844644671798e-03	-1.494526e+00	9.998403e-03
9.269631892469987e-03	-1.475060e+00	9.924020e-03
9.296935717506560e-03	-1.399983e+00	9.568295e-03
9.336935717506600e-03	-1.203260e+00	8.544873e-03
9.376935717506640e-03	-9.240333e-01	6.984545e-03
9.416935717506680e-03	-5.903925e-01	4.985353e-03
9.456935717506720e-03	-2.323613e-01	2.672912e-03
9.496935717506760e-03	1.219243e-01	1.925227e-04
9.536935717506800e-03	4.494427e-01	-2.299964e-03
9.576935717506840e-03	7.335412e-01	-4.647935e-03
9.616935717506880e-03	9.636458e-01	-6.703859e-03
9.656935717506920e-03	1.134003e+00	-8.338556e-03
9.696935717506960e-03	1.242046e+00	-9.449310e-03
9.736935717507000e-03	1.286911e+00	-9.966329e-03
9.760135033216044e-03	1.283393e+00	-9.979731e-03
9.781498759350638e-03	1.261636e+00	-9.804792e-03
9.816161064506668e-03	1.188225e+00	-9.148329e-03
9.856161064506708e-03	1.044838e+00	-7.856628e-03
9.896161064506748e-03	8.397291e-01	-6.071265e-03
9.936161064506788e-03	5.771830e-01	-3.904422e-03
9.976161064506828e-03	2.655917e-01	-1.492250e-03
1.000000000000001e-02	6.204905e-02	-6.428333e-15
